07137
13332
12946
23035
12971
18578
09174
18454
01622
20191
23120
23236
17973
02122
11738
14887
07463
09696
06704
19444
12671
02839
12723
22936
21509
20857
01386
10071
24234
16359
23296
15636
09195
07468
17296
01805
15653
21075
01088
24244
16378
05473
01215
13126
17123
18667
07160
10343
17274
05138
02955
14236
23371
19775
24039
06597
07314
10365
20986
15601
18762
18800
13246
16477
09431
24888
00839
24719
08168
04861
07970
04341
24812
14760
00925
10394
10955
24318
08387
18338
04444
22428
21052
21789
10898
10161
21806
15448
01713
11044
22586
24277
23435
16093
13717
00636
19079
20024
00438
14697
00450
17397
14280
02741
02514
04917
23163
20932
04697
18922
12347
23171
24111
01983
06992
15533
02094
01004
23945
00241
22242
02322
11781
14860
24844
11697
09317
20416
22238
07759
14337
00454
09974
18266
05726
19978
03823
24536
17246
20724
01071
01076
23534
16783
21206
21727
18090
24516
17468
00899
03161
09186
19587
05363
11508
04918
07680
23922
03400
07812
00183
19514
09069
00728
06007
01403
03168
20004
09306
23022
20112
22514
03265
05396
10589
08028
19391
05421
19605
04975
20115
17139
22337
18511
18130
17724
07966
04894
08318
20655
03781
01640
17260
14671
02195
05558
20182
07726
11923
19347
14742
22159
12480
05924
04994
18406
19601
00761
12668
08048
11416
00512
06675
04946
20294
20681
07745
06768
03296
01500
24512
18614
04300
21488
08129
08637
09426
20225
20918
17815
13899
15366
07585
20702
17312
07511
17813
24043
17376
16157
02841
14326
00172
12396
00327
00553
21080
02169
03876
07926
19139
01373
00505
19126
05598
20814
01642
06306
14889
13843
01101
12751
04236
02782
13223
13656
06220
04773
09783
07973
06333
02566
21414
15611
10742
09964
01041
08602
04449
03866
11562
05039
09263
22443
12335
16249
08717
15703
18380
06563
20797
02206
24074
01924
14736
06414
19753
08851
18339
23199
20311
15211
07454
22647
09722
13351
03214
13261
21948
07874
16055
14752
12634
21942
13310
12052
03102
12157
05721
20532
03541
09953
21198
19419
04034
07844
07467
18863
19179
19170
24823
19813
06156
03126
03093
07067
12103
03467
23821
22540
14947
23925
08959
23800
14741
04677
23496
04898
10104
11951
19710
13951
05934
00948
22932
02891
16295
16384
12839
08879
00511
10446
00617
11047
20697
18390
02855
08022
10100
13046
09999
11437
02769
19692
24919
05976
08466
07023
00696
22558
02332
03833
24347
15819
19684
08014
00669
07941
02742
05705
02329
21874
10262
03015
01286
22313
23337
03083
14168
21265
20713
13998
16139
15537
22855
02667
13680
08972
11357
19790
14096
17442
06363
09599
08180
19537
18585
21851
02941
00955
00710
04285
21887
15694
06456
07295
09730
14175
16891
23090
13763
21692
08465
13816
07996
18084
04636
16491
20386
02337
06852
18312
23628
21870
12275
12687
13551
03317
13980
20234
03528
02892
08257
20992
02456
14933
24623
21947
10453
13754
12514
10793
22597
22891
11261
23480
23799
00572
00727
18095
20055
19403
07071
09853
07767
16001
02422
03091
10511
11746
12297
04804
15865
10293
10767
17362
23907
11914
19280
23302
21237
14243
09459
02670
15338
10979
03671
17364
16899
14669
04169
02899
12410
00054
13191
22632
02923
05638
00856
08782
21685
10080
23308
07390
12887
18369
24813
19153
17661
12469
10712
20989
22257
13188
23160
00119
07256
08708
12172
14371
17930
09666
01860
04484
05353
22209
22029
23174
09099
20943
01102
09819
05667
08006
23607
15063
17218
13629
15976
05165
01032
19261
20116
23536
02666
01779
11616
23008
00391
08792
12875
20086
08483
05058
00051
01706
21613
01440
23221
06477
23460
19342
06287
14452
12245
05820
04411
17551
14309
20410
19521
12193
18988
23643
08282
03875
22478
00145
03672
17613
22292
02558
10730
23618
01237
08532
01862
05510
10291
14816
05482
01257
13457
11763
20440
04161
01350
08544
14817
18642
01707
21299
21821
19929
16560
08045
18529
23267
04857
17129
15651
06047
06269
11354
17773
21280
11242
00868
22605
24471
20222
10214
00477
22874
10290
21219
10084
03720
19121
05938
02939
16672
17114
06810
02054
09655
23696
02938
23526
15485
03141
07016
15940
21405
21684
09224
21375
05750
19267
17036
04134
05457
23960
07696
22032
18846
12665
02739
17584
05509
24065
11287
16259
16035
07734
21054
09976
21915
21078
15134
20295
18093
18028
14879
04850
07952
07388
15710
14192
19016
23609
18132
12804
11347
12895
19955
05863
22966
21377
17210
23714
07709
21763
06062
17585
06536
07123
08333
08761
15175
14586
00870
05022
24012
11741
17600
02838
04200
13437
13681
11512
16285
03380
09007
06832
07326
20568
23295
11052
15395
01401
20204
07104
22910
23816
12900
07660
20581
05913
07290
19759
24301
09828
17229
15978
05297
02073
24779
05447
03262
16722
24463
07362
02808
10055
22764
00697
24524
05967
09949
13096
18904
15496
22633
16604
01308
11223
08023
13068
01239
09034
19679
04355
14518
03413
16882
24047
17153
16520
03033
06151
15365
09967
03210
11238
02371
22699
13337
11473
02999
02618
24551
10268
12982
08462
07957
12300
09254
11032
06510
04336
14560
00533
06764
04033
18160
22579
06256
00792
03257
17006
22218
01318
20913
00597
08640
09309
10201
09935
11477
13264
22774
15033
22453
20208
15223
11252
13599
24108
20776
18671
13185
12219
18362
05140
05743
07438
03731
24240
15750
09471
10739
13281
10650
19822
17170
14111
04213
22638
19881
16681
13160
07175
17373
17303
15554
07433
20407
23477
18108
00221
03532
19358
04117
24680
17573
05224
01607
01474
06766
04590
01639
09850
14647
08224
14925
11303
03552
10653
02320
22388
19884
06817
07085
03746
18603
06958
12794
24302
02100
04224
04582
18890
14447
05013
17461
21475
24182
18832
07409
24343
08817
19540
19998
18215
08275
01758
03729
00706
17235
01277
24257
09362
20131
13254
13957
07653
16026
22884
07144
16380
07909
07624
21067
17208
17512
01378
23405
19567
12567
09180
23770
03820
07217
23507
06278
03137
24373
12728
08809
22983
20980
16016
12303
05939
11532
16964
19379
08783
17436
06968
23898
15763
01580
17604
19181
09649
00163
14216
16272
24082
15761
17918
01033
08236
06089
01131
21468
03553
18149
22664
24564
01435
01702
09474
09997
16693
16660
22977
17673
06303
14435
00610
09476
17149
10671
23844
05595
18122
12415
20962
09457
21962
15403
06729
14065
13193
10797
05621
14866
09339
16411
14708
17440
13444
08302
16801
22048
04385
04921
24788
02441
20849
20825
15431
12856
22221
23713
19047
06052
20679
17365
15003
12993
10497
07783
10761
00801
22684
24404
12321
11003
22467
12435
11784
23053
08917
07866
18477
14598
18894
11567
21991
20760
17979
07310
17079
24271
17901
20367
22328
17343
13962
18931
05401
12238
19180
13249
12282
23320
14715
13944
05987
05905
00860
24063
19229
14939
08993
19255
08419
16663
10151
22584
22247
24001
13278
01362
02783
12704
19946
17524
15291
17191
05817
10928
21119
05701
20541
13161
21749
10135
15126
21057
03857
03861
18324
11652
15855
23672
13243
00743
05487
09956
19733
01964
09596
03118
06967
03977
21138
09573
15911
15702
14726
19018
16870
02651
10247
18990
03412
13608
08452
15123
16235
19101
09494
09798
13510
01296
12317
15770
20570
04175
24569
10400
18364
15184
21596
22349
01146
19831
04402
20605
13070
18043
03915
15606
21387
10209
08094
19257
02017
19607
08810
01328
24914
15907
07623
12863
04443
18029
06148
08601
13408
07371
15692
17540
14136
13032
07031
20141
17358
07428
16416
00871
11118
14720
21002
17100
10748
09585
09563
01487
24353
01498
24331
20390
10562
03395
14360
05952
11865
07655
12694
21362
24428
11270
20249
21631
10404
05362
10820
19763
03536
23577
18429
13474
02224
02368
07141
00665
18877
14139
16264
13813
06199
14274
01958
18537
13984
12443
07918
23652
04851
13494
18544
06331
07037
10316
08439
24407
17929
01514
02455
16675
13976
19066
10550
00277
23494
18497
05532
04602
11582
15844
11836
01093
05071
03909
05329
15340
11302
23712
12354
10629
06361
10169
18000
13917
22009
21152
22852
23118
22585
08729
18293
10882
04984
12585
05718
16830
16912
07573
14245
18455
03264
01957
02409
08341
00875
00122
24508
16301
07325
15574
19529
14617
20634
19676
20299
06320
08515
09652
14954
14415
22923
20710
11545
20858
06037
18974
00397
19087
04380
22493
18830
04295
10342
01333
19453
19314
02521
11975
09251
04827
11881
05277
14834
19288
21647
12675
19427
21639
23454
03144
15959
10128
11011
06522
19899
06933
16865
01258
18619
12504
10572
18849
00890
05644
06489
00615
09145
21056
08226
21193
07934
16514
10605
20211
22205
05843
21893
04494
09330
18663
20152
05909
01913
11369
14938
03848
21706
16050
05709
05056
22947
22937
17429
24805
03191
18313
11201
14705
02646
09125
22650
02361
15056
04991
18416
22571
02467
13626
07154
01059
23881
05187
11845
15452
07254
22061
03796
09130
10967
02601
08825
11890
01233
20781
07367
10938
02659
00485
07547
22753
18775
17727
03873
13787
15983
15042
05788
00215
18494
14311
15040
12627
09206
24127
19550
23549
00872
13088
00115
22211
16153
04764
19956
10167
24472
13057
18975
21394
19591
21782
17591
12588
17539
06681
22894
22836
07105
23234
06512
16447
00510
16087
02615
06595
20660
13213
09878
10750
14853
03788
03155
17520
01456
15890
19575
08732
05366
05959
09039
01550
14271
02672
23119
04681
21707
04780
12466
23072
07188
12799
08383
08016
06737
17104
01222
12870
12492
08482
07377
14773
18109
22844
24778
01560
10911
00429
03086
19387
14218
20864
22748
21699
10164
16134
04661
00915
14284
13982
22957
00376
04347
21980
16039
18472
24616
11717
00105
12734
14596
14515
00352
14277
19122
20923
16791
15162
12736
20451
08134
12636
14185
11993
03303
15439
14833
18143
09470
01039
11700
07715
24229
06779
21643
22280
02461
06717
04099
17272
03127
03926
11133
03464
11368
19808
22657
18550
24430
16692
00180
02231
07189
06863
16652
04840
05262
05123
13369
04168
15399
07854
13175
20911
03439
03006
20848
17817
14698
05170
05338
10519
22030
08811
21815
21826
22643
14806
01551
21681
09764
20138
07947
14324
03726
08084
18630
03874
12437
05263
09121
16716
12962
15045
11782
07711
13836
08033
10670
13912
06374
11423
21730
08589
23776
14140
12551
22357
09594
08307
01907
11452
11043
10825
02300
12974
16230
12549
16523
16733
08347
07190
23956
16170
09664
21142
00684
23126
00314
01469
14328
11906
19841
03225
04577
18505
00532
03458
18053
12051
16413
06016
06539
20389
16371
19501
22263
13834
12594
08322
18424
24734
20758
08294
09576
06546
03119
02623
18294
13934
16592
17729
07083
07674
05080
09607
13056
14517
17460
17416
09776
06157
10604
02170
10944
01255
23763
08031
08624
24821
00381
20691
14901
01526
08119
00654
14035
13491
15717
14085
16883
08299
10059
23805
09818
10891
23581
04739
00082
11726
21277
02904
01005
01149
23535
21611
09276
19644
02845
19118
23709
06604
17672
08877
24160
18668
00675
02619
21606
00886
09840
22848
17329
21674
11909
16373
07316
08578
16129
16916
10361
13889
24446
02489
17202
11593
09579
21673
08925
09661
18569
00685
17792
16841
20140
16160
09252
06657
17002
18220
02913
13881
16872
10512
17251
22145
21066
12029
15731
11072
20001
14628
17837
12181
15239
03922
04557
19422
21890
15857
14189
02427
20872
18576
06644
24705
03523
04753
07823
09627
05751
22161
24820
14862
00422
22019
02954
02721
19413
09564
02362
21679
15876
16579
16332
15106
22446
02735
20795
19505
05771
09467
08743
21043
07796
20205
15132
23250
19564
19900
22187
19757
21688
05485
18368
24592
20420
13532
10981
09167
11071
09093
11858
19256
14656
20838
24875
03121
05164
17109
01675
03692
16721
01118
10799
15341
20443
06203
14683
18009
06027
00059
15598
15100
21869
23000
12130
02451
03353
00565
24560
11126
01577
17951
18427
19012
21513
03177
19411
04505
14976
14265
02687
20686
24509
01176
05600
01314
22835
02243
07596
15116
05690
16227
08653
06055
15158
10078
11911
22070
00386
24842
07191
17633
16567
22470
03179
01117
09496
17041
15426
16968
20787
18950
15390
04186
24649
21302
00377
21015
12733
12160
07460
24455
11856
10369
13274
06129
16881
21357
22253
24380
03350
06618
11897
05493
11317
18515
24424
06447
21315
15498
03686
05782
17863
22387
01841
09479
17410
00813
20734
00380
13985
24335
06166
18253
11336
02768
20292
01344
03000
23560
02257
14798
07729
17353
19043
20572
17624
13015
21212
19726
05101
17735
01978
01375
09747
00373
03640
15882
16049
12388
02548
03239
00859
07824
14952
05728
11961
15684
02683
10654
13842
06673
04872
10726
12798
00024
01447
08804
04856
00295
07568
15059
06651
08512
10417
08537
17022
08763
14066
14818
14293
09083
07769
09690
01688
07424
09050
01961
24640
20411
23222
03492
01700
01738
10075
22012
13055
18016
08950
14890
07737
18167
19353
08870
11685
12490
10534
08829
14613
24659
22719
11465
07304
17027
24130
18839
22963
01888
13282
09726
06867
07561
10217
06520
11311
08989
00383
09505
12778
21583
07426
11215
12933
11232
15759
06976
20335
14539
24462
14313
15903
10564
05813
22820
11444
04800
10403
23699
11789
01453
18771
15706
02916
24581
20309
11082
00581
08141
21712
23834
16318
19783
04845
09896
14472
16097
23277
00940
20680
09333
24808
03714
13442
17156
03871
04979
00139
04962
10154
24810
22317
17505
03139
22168
12575
14566
17217
02660
07142
10261
21878
17150
20938
10242
21199
07671
09892
20575
09584
21360
17782
01968
16630
17988
19947
16469
04119
09767
21149
24746
09450
16667
22811
07719
12376
06635
14585
03953
22933
24625
12861
13622
00538
20336
16956
01740
04376
04286
14094
01339
13939
19809
01524
24421
19451
03018
01650
08178
21502
02830
13728
17073
15947
03752
17106
00843
10046
15754
00844
19415
22315
22340
07480
01591
04116
00184
14429
04493
22191
18882
07645
15198
05111
07327
16141
23088
11621
02852
05221
13966
11810
11293
17893
08071
05332
20184
14603
00050
05344
19731
13908
03863
18398
23544
15400
08159
16894
10248
13222
11571
04262
18440
10776
19778
02680
22973
22649
00535
02098
22025
06687
12485
22403
08678
10362
03988
04026
09817
17980
00481
08555
15164
02767
10568
16274
14209
08730
16709
08218
01808
18137
16199
20981
00071
17448
14770
07958
09814
10279
22727
01460
14099
10714
01208
14941
03961
04473
08427
01568
00959
00673
12075
14407
16187
17931
12825
07193
07530
21736
06155
23048
01681
24942
06399
23856
06274
16991
01807
22715
10696
06204
13485
19049
13817
10393
04289
23075
15050
23563
01935
16480
10665
23885
06180
10359
15791
23136
13275
06561
06245
18269
17175
07197
16246
16428
15460
05041
22098
08505
19470
15977
10182
15813
18460
14787
10837
19282
05416
24329
08212
19599
20881
22603
22839
08501
05546
13554
24631
23263
19767
06788
18785
14286
19490
23359
07203
16266
12907
16401
07548
17120
00152
10939
03634
24091
19259
21472
13548
14369
12976
01072
13179
09273
18290
02533
05255
24431
05906
15742
16942
23372
01007
12225
08592
19491
01284
24401
01769
17469
00670
21998
01975
21471
16724
19772
10424
01352
05881
21156
11089
12891
03192
02474
11010
22797
07920
15966
15415
13426
22565
05112
01090
24415
11928
03496
13036
20627
18418
08659
02746
21134
01161
01754
03229
12183
21810
07631
20109
16997
15281
17643
07010
05786
24835
18547
08079
05768
06974
22350
01701
20824
00476
01323
22024
04752
15315
16589
03342
08901
17874
03160
23529
19596
18483
04495
23710
17321
10231
07270
09442
23265
14013
08935
14505
22928
23807
07749
14212
00659
23492
06404
04807
15752
23546
23936
09054
02135
03612
12113
09109
09676
22530
06614
02018
22930
20801
03294
05205
09005
08780
19460
14689
07707
09048
02953
00230
01250
22739
12649
03500
20978
05465
18713
07735
22759
02834
24325
23425
17895
05466
15480
14986
08690
01001
14646
01908
21227
09303
09670
01169
24962
05212
03773
22451
